pi_A<- 0.3